#CTMC
9
0 5 0 2 0 0 0 0 0
3 0 5 0 2 0 0 0 0
0 3 0 0 0 2 0 0 0
7 1 0 0 5 0 2 0 0
0 7 1 3 0 5 0 2 0
0 0 7 0 3 0 0 0 2
0 0 0 7 1 0 0 5 0
0 0 0 0 7 1 3 0 5
0 0 0 0 0 7 0 3 0

#DTMC
#0,611111111 0,277777778 0 0,111111111 0 0 0 0 0
#0,166666667 0,444444444 0,277777778 0 0,111111111 0 0 0 0
#0 0,166666667 0,722222222 0 0 0,111111111 0 0 0
#0,388888889 0,055555556 0 0,166666667 0,277777778 0 0,111111111 0 0
#0 0,388888889 0,055555556 0,166666667 0 0,277777778 0 0,111111111 0
#0 0 0,388888889 0 0,166666667 0,333333333 0 0 0,111111111
#0 0 0 0,388888889 0,055555556 0 0,277777778 0,277777778 0
#0 0 0 0 0,388888889 0,055555556 0,166666667 0,111111111 0,277777778
#0 0 0 0 0 0,388888889 0 0,166666667 0,444444444

#resposta
#13,0323%
#22,6554%
#38,9386%
#3,3229%
#5,8934%
#10,7890%
#0,8711%
#1,5597%
#2,9376%

