#CTMC
10
0 20 0 0 0 0.833333333 0 0 0 0
8 0 20 0 0 0 0.833333333 0 0 0
0 8 0 20 0 0 0 0.833333333 0 0
0 0 8 0 20 0 0 0 0.833333333 0
0 0 0 8 0 0 0 0 0 0.833333333
0.1666666667 0 0 0 0 0 20 0 0 0
0 0.1666666667 0 0 0 12 0 20 0 0
0 0 0.1666666667 0 0 0 12 0 20 0
0 0 0 0.1666666667 0 0 0 12 0 20
0 0 0 0 0.1666666667 0 0 0 12 0

#DTMC
#0.352331606 0.621761658 0 0 0 0.025906736 0 0 0 0
#0.248704663 0.103626943 0.621761658 0 0 0 0.025906736 0 0 0
#0 0.248704663 0.103626943 0.621761658 0 0 0 0.025906736 0 0
#0 0 0.248704663 0.103626943 0.621761658 0 0 0 0.025906736 0
#0 0 0 0.248704663 0.725388601 0 0 0 0 0.025906736
#0.005181347 0 0 0 0 0.373056995 0.621761658 0 0 0
#0 0.005181347 0 0 0 0.373056995 0 0.621761658 0 0
#0 0 0.005181347 0 0 0 0.373056995 0 0.621761658 0
#0 0 0 0.005181347 0 0 0 0.373056995 0 0.621761658
#0 0 0 0 0.005181347 0 0 0 0.373056995 0.621761658

#results
#0.3221%
#0.7431%
#1.7125%
#4.0447%
#9.8442%
#4.5975%
#7.7039%
#12.9367%
#21.7188%
#36.3764%
