#CTMC
10
-21 20 0 0 0 1 0 0 0 0
8 -29 20 0 0 0 1 0 0 0
0 8 -29 20 0 0 0 1 0 0
0 0 8 -29 20 0 0 0 1 0
0 0 0 8 -9 0 0 0 0 1
0.2 0 0 0 0 -20.2 20 0 0 0
0 0.2 0 0 0 12 -32.2 20 0 0
0 0 0.2 0 0 0 12 -32.2 20 0
0 0 0 0.2 0 0 0 12 -32.2 20
0 0 0 0 0.2 0 0 0 12 -12.2

#DTMC
#0.347826087 0.621118012 0 0 0 0.031055901 0 0 0 0
#0.248447205 0.099378882 0.621118012 0 0 0 0.031055901 0 0 0
#0 0.248447205 0.099378882 0.621118012 0 0 0 0.031055901 0 0
#0 0 0.248447205 0.099378882 0.621118012 0 0 0 0.031055901 0
#0 0 0 0.248447205 0.720496894 0 0 0 0 0.031055901
#0.00621118 0 0 0 0 0.372670807 0.621118012 0 0 0
#0 0.00621118 0 0 0 0.372670807 0 0.621118012 0 0
#0 0 0.00621118 0 0 0 0.372670807 0 0.621118012 0
#0 0 0 0.00621118 0 0 0 0.372670807 0 0.621118012
#0 0 0 0 0.00621118 0 0 0 0.372670807 0.621118012

#resposta
#0.3330%
#0.7597%
#1.7291%
#4.0455%
#9.7994%
#4.5825%
#7.6862%
#12.9237%
#21.7242%
#36.4167%




